Air	-1.255300000E+02	2.000000000E+02		1.000000000E+03		1.009950160E+04		-1.968275610E+02	5.009155110E+00		-5.761013730E-03	1.066859930E-05		-7.940297970E-09	2.185231910E-12		0.000000000E+00		-1.767967310E+02	-3.921500980E+00
Air	-1.255300000E+02	1.000000000E+03		6.000000000E+03		2.415214430E+05		-1.257874600E+03	5.144558670E+00		-2.138541790E-04	7.065227840E-08		-1.071483490E-11	6.577800150E-16		0.000000000E+00		6.462263190E+03		-8.147408660E+00
Ar	0.000000000E+00		2.000000000E+02		1.000000000E+03		0.000000000E+00		0.000000000E+00		2.500000000E+00		0.000000000E+00		0.000000000E+00		0.000000000E+00		0.000000000E+00		0.000000000E+00		-7.453750000E+02	4.379674910E+00
Ar	0.000000000E+00		1.000000000E+03		6.000000000E+03		2.010538480E+01		-5.992661070E-02	2.500069400E+00		-3.992141160E-08	1.205272140E-11		-1.819015580E-15	1.078576640E-19		0.000000000E+00		-7.449939610E+02	4.379180110E+00
Ar	0.000000000E+00		6.000000000E+03		2.000000000E+04		-9.951265080E+08	6.458887260E+05		-1.675894700E+02	2.319933360E-02		-1.721080910E-06	6.531938460E-11		-9.740147730E-16	0.000000000E+00		-5.078300340E+06	1.465298480E+03
Arp	1.526778407E+06		2.000000000E+02		1.000000000E+03		-5.731209170E+04	7.930791470E+02		-1.717121220E+00	1.044184020E-02		-1.180207500E-05	6.528134780E-09		-1.447558130E-12	0.000000000E+00		1.790572230E+05		2.949150950E+01
Arp	1.526778407E+06		1.000000000E+03		6.000000000E+03		-3.835965400E+05	8.162019700E+02		2.301342630E+00		-4.952983770E-06	1.205108480E-08		-2.185050290E-12	1.265493900E-16		0.000000000E+00		1.771811460E+05		7.947507480E+00
Arp	1.526778407E+06		6.000000000E+03		2.000000000E+04		1.017372840E+07		-6.685104100E+03	4.460953790E+00		-3.034165290E-04	2.623479560E-08		-1.205115830E-12	2.303806880E-17		0.000000000E+00		2.354353540E+05		-1.044519300E+01
C	7.166800000E+05		2.000000000E+02		1.000000000E+03		6.495031470E+02		-9.649010860E-01	2.504675480E+00		-1.281448030E-05	1.980133650E-08		-1.606144030E-11	5.314483410E-15		0.000000000E+00		8.545763110E+04		4.747999220E+00
C	7.166800000E+05		1.000000000E+03		6.000000000E+03		-1.289136470E+05	1.719528570E+02		2.646044390E+00		-3.353068950E-04	1.742092740E-07		-2.902817830E-11	1.642182390E-15		0.000000000E+00		8.410597850E+04		4.130122350E+00
C	7.166800000E+05		6.000000000E+03		2.000000000E+04		4.432528010E+08		-2.886018410E+05	7.737108320E+01		-9.715281890E-03	6.649595330E-07		-2.230078780E-11	2.899388700E-16		0.000000000E+00		2.355273440E+06		-6.405122410E+02
Cp	1.809444482E+06		2.000000000E+02		1.000000000E+03		2.258533180E+03		-1.574544010E+00	2.503637590E+00		-5.202539540E-06	4.516479560E-09		-2.181151040E-12	4.494308450E-16		0.000000000E+00		2.168951910E+05		4.345775270E+00
Cp	1.809444482E+06		1.000000000E+03		6.000000000E+03		1.255112710E+04		-3.411875020E+01	2.543383220E+00		-2.805120970E-05	9.751642220E-09		-1.736855420E-12	1.246191940E-16		0.000000000E+00		2.171001790E+05		4.063988430E+00
Cp	1.809444482E+06		6.000000000E+03		2.000000000E+04		5.618154950E+05		-6.047059880E+03	5.884541660E+00		-7.211894720E-04	6.823484220E-08		-2.599878630E-12	3.633868410E-17		0.000000000E+00		2.581370540E+05		-2.280012430E+01
C2	8.304570000E+05		2.000000000E+02		1.000000000E+03		5.559567570E+05		-9.980006220E+03	6.681539910E+01		-1.743411730E-01	2.448493560E-04		-1.703447060E-07	4.684471300E-11		0.000000000E+00		1.445863860E+05		-3.448188170E+02
C2	8.304570000E+05		1.000000000E+03		6.000000000E+03		-9.688909570E+05	3.560990200E+03		-5.063511690E-01	2.945092810E-03		-7.139289080E-07	8.670470060E-11		-4.076816700E-15	0.000000000E+00		7.681860000E+04		3.339903550E+01
C2	8.304570000E+05		6.000000000E+03		2.000000000E+04		6.316167420E+06		1.365344130E+04		-3.996723210E+00	1.937523030E-03		-1.584418230E-07	5.520765550E-12		-7.253609690E-17	0.000000000E+00		9.392905260E+03		6.614134260E+01
C2p	2.004775428E+06		2.000000000E+02		1.000000000E+03		-9.913336660E+04	1.347158070E+03		-3.476728100E+00	1.676413200E-02		-1.865890600E-05	1.091124810E-08		-2.434893250E-12	0.000000000E+00		2.335455400E+05		4.406601240E+01
C2p	2.004775428E+06		1.000000000E+03		6.000000000E+03		3.836171460E+06		-6.241787120E+03	2.779000370E+00		6.065908790E-03		-2.452804000E-06	3.882944100E-10		-2.190640360E-14	0.000000000E+00		2.857429110E+05		7.312549890E-01
C2p	2.004775428E+06		6.000000000E+03		2.000000000E+04		4.993341380E+07		-2.017683040E+04	6.343044090E+00		6.368816330E-04		-1.036683910E-07	4.943005480E-12		-7.988437020E-17	0.000000000E+00		4.121156150E+05		-2.113723280E+01
C2H	5.662054720E+05		2.000000000E+02		1.000000000E+03		7.653691050E+03		-4.187401320E+02	7.254271880E+00		-5.037019330E-03	8.235196230E-06		-4.616768240E-09	9.509263200E-13		0.000000000E+00		6.850689670E+04		-1.586028390E+01
C2H	5.662054720E+05		1.000000000E+03		6.000000000E+03		3.995864090E+06		-1.196909290E+04	1.713833040E+01		-3.336959570E-03	6.003281300E-07		-5.497240120E-11	2.022731880E-15		0.000000000E+00		1.431423170E+05		-9.285918700E+01
C2H2	2.282000000E+05		2.000000000E+02		1.000000000E+03		1.598133250E+05		-2.216675050E+03	1.265725610E+01		-7.980170140E-03	8.055801510E-06		-2.433944610E-09	-7.509454610E-14	0.000000000E+00		3.712633790E+04		-5.244433650E+01
C2H2	2.282000000E+05		1.000000000E+03		6.000000000E+03		1.713792120E+06		-5.928970950E+03	1.236115640E+01		1.314706250E-04		-1.362869040E-07	2.712746060E-11		-1.302086850E-15	0.000000000E+00		6.266489730E+04		-5.818866020E+01
C2H3	2.997401510E+05		2.000000000E+02		1.000000000E+03		-1.447959530E+04	8.143043440E+02		-5.313331680E+00	3.761243250E-02		-4.598225990E-05	3.104721220E-08		-8.579917290E-12	0.000000000E+00		3.162346700E+04		5.162595390E+01
C2H3	2.997401510E+05		1.000000000E+03		6.000000000E+03		2.561698630E+06		-1.005794660E+04	1.851874450E+01		-1.719194470E-03	3.093760600E-07		-2.991991430E-11	1.202326250E-15		0.000000000E+00		9.575874480E+04		-9.818478480E+01
C2H4	5.250000000E+04		2.000000000E+02		1.000000000E+03		-1.163613270E+05	2.554860520E+03		-1.609750300E+01	6.625786370E-02		-7.885086390E-05	5.125223790E-08		-1.370338460E-11	0.000000000E+00		-6.176236060E+03	1.093340940E+02
C2H4	5.250000000E+04		1.000000000E+03		6.000000000E+03		3.408725120E+06		-1.374836420E+04	2.365884830E+01		-2.423728560E-03	4.431169150E-07		-4.352348400E-11	1.775218290E-15		0.000000000E+00		8.820356340E+04		-1.371268340E+02
C2H5	1.186582400E+05		2.000000000E+02		1.000000000E+03		-1.411328380E+05	2.714311820E+03		-1.534990770E+01	6.451706200E-02		-7.259191320E-05	4.599150570E-08		-1.218377740E-11	0.000000000E+00		5.980117710E+02		1.090974210E+02
C2H5	1.186582400E+05		1.000000000E+03		6.000000000E+03		4.169208950E+06		-1.662979570E+04	2.795440300E+01		-3.051710670E-03	5.685158670E-07		-5.682879040E-11	2.355665840E-15		0.000000000E+00		1.137008370E+05		-1.639356270E+02
C2H6	-8.385154400E+04	2.000000000E+02		1.000000000E+03		-1.862050300E+05	3.406200690E+03		-1.951710090E+01	7.565850030E-02		-8.204196030E-05	5.061154460E-08		-1.319288080E-11	0.000000000E+00		-2.702937110E+04	1.298143560E+02
C2H6	-8.385154400E+04	1.000000000E+03		6.000000000E+03		5.025809410E+06		-2.033030460E+04	3.322562120E+01		-3.836754150E-03	7.238549960E-07		-7.319384490E-11	3.065579950E-15		0.000000000E+00		1.115969080E+05		-2.039416860E+02
C3	8.399485000E+05		2.000000000E+02		1.000000000E+03		-4.354562850E+04	6.660104140E+02		1.451015130E+00		7.434425310E-03		-3.810109540E-06	-2.336756050E-11	4.406996310E-13		0.000000000E+00		9.635174010E+04		2.025149280E+01
C3	8.399485000E+05		1.000000000E+03		6.000000000E+03		4.508043980E+06		-1.461016000E+04	2.281947010E+01		-8.544236920E-03	2.146043290E-06		-2.103842140E-10	6.351511060E-15		0.000000000E+00		1.911964920E+05		-1.271854290E+02
C3	8.399485000E+05		6.000000000E+03		2.000000000E+04		5.621956270E+08		-4.800148200E+05	1.487736040E+02		-1.863807580E-02	1.253693450E-06		-4.231520540E-11	5.696510730E-16		0.000000000E+00		3.777690200E+06		-1.226349370E+03
C4	1.033903742E+06		2.000000000E+02		1.000000000E+03		3.903189110E+04		-8.947397790E+02	1.050901570E+01		-6.551407780E-03	1.243714120E-05		-8.643613460E-09	2.263118910E-12		0.000000000E+00		1.266421680E+05		-3.077307540E+01
C4	1.033903742E+06		1.000000000E+03		6.000000000E+03		9.200962920E+05		-1.530402500E+03	6.050184540E+00		5.252671590E-03		-1.779131660E-06	2.589837630E-10		-1.385532000E-14	0.000000000E+00		1.334395290E+05		-7.261923250E+00
C5	1.050924331E+06		2.000000000E+02		1.000000000E+03		-1.201135320E+04	-5.553218060E+02	1.123800970E+01		-4.347121690E-03	1.738875560E-05		-1.707863450E-08	5.574306140E-12		0.000000000E+00		1.262402310E+05		-3.262153760E+01
C5	1.050924331E+06		1.000000000E+03		6.000000000E+03		2.172469480E+05		-2.958657780E+03	1.561099540E+01		-8.201415420E-04	1.777188440E-07		-2.010231200E-11	9.224518350E-16		0.000000000E+00		1.395217260E+05		-6.433205270E+01
CF	2.423000000E+05		2.000000000E+02		1.000000000E+03		-4.856590870E+04	8.370668450E+02		-1.586053800E+00	1.373299260E-02		-1.545437200E-05	8.898794940E-09		-2.083197680E-12	0.000000000E+00		2.419209500E+04		3.371107650E+01
CF	2.423000000E+05		1.000000000E+03		6.000000000E+03		-7.303011730E+04	-3.104325520E+02	4.687559650E+00		-1.753886180E-05	1.179982950E-08		-1.882833160E-12	1.898119620E-16		0.000000000E+00		2.934902940E+04		-2.321750220E+00
CF2	-1.866000000E+05	2.000000000E+02		1.000000000E+03		-4.284695490E+04	9.422413470E+02		-3.838473780E+00	2.847875840E-02		-3.618556780E-05	2.307503210E-08		-5.914984890E-12	0.000000000E+00		-2.779937590E+04	4.667600060E+01
CF2	-1.866000000E+05	1.000000000E+03		6.000000000E+03		-1.985921860E+06	4.474861080E+03		2.053677910E+00		2.542120170E-03		-6.466365360E-07	7.988225820E-11		-3.824522580E-15	0.000000000E+00		-5.434851100E+04	2.288997340E+01
CF3	-4.674000000E+05	2.000000000E+02		1.000000000E+03		-2.895093140E+04	7.082591040E+02		-3.498744960E+00	3.600527790E-02		-4.518456380E-05	2.830460970E-08		-7.124280160E-12	0.000000000E+00		-6.055799540E+04	4.500437690E+01
CF3	-4.674000000E+05	1.000000000E+03		6.000000000E+03		-3.009925370E+05	-1.045774150E+03	1.077830670E+01		-3.112228050E-04	6.882330840E-08		-7.900181810E-12	3.665106310E-16		0.000000000E+00		-5.426367000E+04	-3.416190730E+01
CF4	-9.335000000E+05	2.000000000E+02		1.000000000E+03		9.815349640E+03		1.163660740E+02		-1.288527580E+00	3.959623880E-02		-4.996336050E-05	3.125414300E-08		-7.841942110E-12	0.000000000E+00		-1.138960830E+05	2.938760640E+01
CF4	-9.335000000E+05	1.000000000E+03		6.000000000E+03		-4.164183790E+05	-1.414899260E+03	1.405138630E+01		-4.199964070E-04	9.281677640E-08		-1.064996400E-11	4.939554390E-16		0.000000000E+00		-1.095141880E+05	-5.487201150E+01
CH	5.973380000E+05		2.000000000E+02		1.000000000E+03		2.220564130E+04		-3.405371750E+02	5.531386410E+00		-5.794896390E-03	7.969461730E-06		-4.465859890E-09	9.596228840E-13		0.000000000E+00		7.240390520E+04		-9.107567000E+00
CH	5.973380000E+05		1.000000000E+03		6.000000000E+03		2.060733770E+06		-5.396129640E+03	7.856187940E+00		-7.965757980E-04	1.764273770E-07		-1.976345860E-11	5.030286680E-16		0.000000000E+00		1.062192450E+05		-3.154711100E+01
CH	5.973380000E+05		6.000000000E+03		2.000000000E+04		-8.068267550E+08	4.575393220E+05		-9.843851280E+01	1.235228590E-02		-8.485502230E-07	3.040372610E-11		-4.400260280E-16	0.000000000E+00		-3.595809570E+06	8.953365050E+02
CHp	1.630532000E+06		2.000000000E+02		1.000000000E+03		3.019567000E+04		-4.618081420E+02	6.225564340E+00		-7.775613670E-03	1.094475740E-05		-6.675403810E-09	1.565212580E-12		0.000000000E+00		1.972444860E+05		-1.431494460E+01
CHp	1.630532000E+06		1.000000000E+03		6.000000000E+03		-7.102008540E+06	1.828332720E+04		-1.312675460E+01	6.191642170E-03		-2.909384530E-07	-1.134230140E-10	1.105948890E-14		0.000000000E+00		7.540973240E+04		1.243969750E+02
CHp	1.630532000E+06		6.000000000E+03		2.000000000E+04		-3.160033590E+08	1.436682680E+05		-1.108431220E+01	1.562278950E-04		4.928432400E-08		-2.896835540E-12	4.982193740E-17		0.000000000E+00		-1.013663450E+06	1.489336340E+02
CH2	3.888000000E+05		2.000000000E+02		1.000000000E+03		3.525914180E+04		-3.367654360E+02	4.508936910E+00		2.521066030E-03		-5.311510870E-06	6.654213080E-09		-2.610072960E-12	0.000000000E+00		4.737725500E+04		-3.807340120E+00
CH2	3.888000000E+05		1.000000000E+03		6.000000000E+03		2.510415940E+06		-7.953932390E+03	1.238829570E+01		-1.775909680E-03	3.217400290E-07		-3.068863440E-11	1.204900600E-15		0.000000000E+00		9.601028560E+04		-6.155977990E+01
CH3	1.469000000E+05		2.000000000E+02		1.000000000E+03		-2.877286110E+04	5.095056070E+02		1.990730560E-01		1.363965160E-02		-1.434558920E-05	1.013967380E-08		-3.028438890E-12	0.000000000E+00		1.411098730E+04		2.023394620E+01
CH3	1.469000000E+05		1.000000000E+03		6.000000000E+03		2.760904270E+06		-9.336552790E+03	1.487698630E+01		-1.439227690E-03	2.443923930E-07		-2.223845790E-11	8.391588490E-16		0.000000000E+00		7.484764790E+04		-7.919483340E+01
CH4	-7.460000000E+04	2.000000000E+02		1.000000000E+03		-1.766545730E+05	2.785477820E+03		-1.201935470E+01	3.914625880E-02		-3.611656080E-05	2.018387940E-08		-4.955772150E-12	0.000000000E+00		-2.331011560E+04	8.901081000E+01
CH4	-7.460000000E+04	1.000000000E+03		6.000000000E+03		3.746265700E+06		-1.388851340E+04	2.054029820E+01		-1.944196930E-03	4.323871450E-07		-4.061012780E-11	1.643159270E-15		0.000000000E+00		7.565988680E+04		-1.222977110E+02
CN	4.386834480E+05		2.000000000E+02		1.000000000E+03		3.949101750E+03		-1.391573870E+02	4.930776040E+00		-6.304594730E-03	1.256821360E-05		-9.878181750E-09	2.843103040E-12		0.000000000E+00		5.228454700E+04		-2.763080000E+00
CN	4.386834480E+05		1.000000000E+03		6.000000000E+03		-2.227976080E+06	5.040664450E+03		-2.121794480E-01	1.354881220E-03		1.325922770E-07		-6.936934000E-11	5.494891620E-15		0.000000000E+00		1.784542330E+04		3.282518980E+01
CN	4.386834480E+05		6.000000000E+03		2.000000000E+04		-1.794773070E+08	1.054331430E+05		-1.729598880E+01	2.194863830E-03		-8.508801680E-08	9.318468300E-13		6.358214080E-18		0.000000000E+00		-7.962476450E+05	1.913112730E+02
CNp	1.800490876E+06		2.000000000E+02		1.000000000E+03		-8.302801010E+05	8.775572030E+03		-2.977403220E+01	4.976826600E-02		-1.302196810E-05	-2.058309430E-08	1.126832680E-11		0.000000000E+00		1.705790880E+05		2.039891710E+02
CNp	1.800490876E+06		1.000000000E+03		6.000000000E+03		-7.153374510E+06	1.857227460E+04		-1.084520530E+01	6.106605260E-03		-1.191193570E-06	1.184833690E-10		-4.799776870E-15	0.000000000E+00		9.262041240E+04		1.135326510E+02
CNp	1.800490876E+06		6.000000000E+03		2.000000000E+04		-1.812946310E+08	1.128804520E+05		-2.287308390E+01	3.484585730E-03		-2.209762560E-07	6.579765390E-12		-7.556495860E-17	0.000000000E+00		-6.784208570E+05	2.362633890E+02
CO	-1.105300000E+05	2.000000000E+02		1.000000000E+03		1.489027560E+04		-2.922250950E+02	5.724458410E+00		-8.176136940E-03	1.456885980E-05		-1.087733250E-08	3.027905490E-12		0.000000000E+00		-1.303069700E+04	-7.859147150E+00
CO	-1.105300000E+05	1.000000000E+03		6.000000000E+03		4.619158560E+05		-1.944685750E+03	5.916647090E+00		-5.664234070E-04	1.398802570E-07		-1.787664980E-11	9.620850400E-16		0.000000000E+00		-2.465738440E+03	-1.387399390E+01
CO	-1.105300000E+05	6.000000000E+03		2.000000000E+04		8.868552410E+08		-7.500285410E+05	2.495444490E+02		-3.956302990E-02	3.297732100E-06		-1.318393980E-10	1.998913780E-15		0.000000000E+00		5.701351240E+06		-2.060679580E+03
COp	1.247790876E+06		2.000000000E+02		1.000000000E+03		-2.178739990E+04	1.288818190E+02		3.769022890E+00		-3.431713910E-03	8.193879110E-06		-6.463757900E-09	1.803711430E-12		0.000000000E+00		1.482348250E+05		3.990437820E+00
COp	1.247790876E+06		1.000000000E+03		6.000000000E+03		2.316816600E+05		-1.057632630E+03	4.554202310E+00		4.495469340E-04		-2.489477820E-07	5.267503910E-11		-3.289471100E-15	0.000000000E+00		1.555052030E+05		-3.873410850E+00
COp	1.247790876E+06		6.000000000E+03		2.000000000E+04		-3.035557230E+08	2.393083920E+05		-7.034901960E+01	1.139536280E-02		-8.315064010E-07	2.863668140E-11		-3.803219840E-16	0.000000000E+00		-1.688590830E+06	6.291893650E+02
CO2	-3.935100000E+05	2.000000000E+02		1.000000000E+03		4.943783640E+04		-6.264292080E+02	5.301813360E+00		2.503600570E-03		-2.124700100E-07	-7.691486800E-10	2.849979910E-13		0.000000000E+00		-4.528189860E+04	-7.048769650E+00
CO2	-3.935100000E+05	1.000000000E+03		6.000000000E+03		1.176969430E+05		-1.788801470E+03	8.291543530E+00		-9.224778310E-05	4.869635410E-09		-1.892063840E-12	6.330675090E-16		0.000000000E+00		-3.908345010E+04	-2.652681920E+01
CO2	-3.935100000E+05	6.000000000E+03		2.000000000E+04		-1.544406230E+09	1.016836140E+06		-2.561377100E+02	3.369363930E-02		-2.181157910E-06	6.991324850E-11		-8.842212140E-16	0.000000000E+00		-8.043128500E+06	2.254153260E+03
CO2p	9.446849120E+05		2.000000000E+02		1.000000000E+03		-7.383068120E+04	1.086218050E+03		-2.771150320E+00	2.318474130E-02		-2.570255360E-05	1.450346070E-08		-3.334499340E-12	0.000000000E+00		1.071780920E+05		4.054906990E+01
CO2p	9.446849120E+05		1.000000000E+03		6.000000000E+03		-1.695114960E+05	-8.066262300E+02	8.002802110E+00		-1.577046370E-04	2.566205510E-08		-2.403303040E-12	1.676899420E-16		0.000000000E+00		1.154384480E+05		-2.133548220E+01
CO2p	9.446849120E+05		6.000000000E+03		2.000000000E+04		-8.363802520E+07	5.332328580E+04		-5.619197890E+00	1.491117690E-03		-7.551013120E-08	1.793856660E-12		-1.626371090E-17	0.000000000E+00		-3.111131390E+05	9.671724570E+01
e	0.000000000E+00		2.000000000E+02		1.000000000E+03		0.000000000E+00		0.000000000E+00		2.500000000E+00		0.000000000E+00		0.000000000E+00		0.000000000E+00		0.000000000E+00		0.000000000E+00		-7.453750000E+02	-1.172081270E+01
e	0.000000000E+00		1.000000000E+03		6.000000000E+03		0.000000000E+00		0.000000000E+00		2.500000000E+00		0.000000000E+00		0.000000000E+00		0.000000000E+00		0.000000000E+00		0.000000000E+00		-7.453750000E+02	-1.172081270E+01
e	0.000000000E+00		6.000000000E+03		2.000000000E+04		0.000000000E+00		0.000000000E+00		2.500000000E+00		0.000000000E+00		0.000000000E+00		0.000000000E+00		0.000000000E+00		0.000000000E+00		-7.453750000E+02	-1.172081270E+01
F	7.938000000E+04		2.000000000E+02		1.000000000E+03		1.137409090E+03		-1.453392800E+02	4.077403610E+00		-4.303360140E-03	5.728897740E-06		-3.819312900E-09	1.018322510E-12		0.000000000E+00		9.311110120E+03		-3.558982650E+00
F	7.938000000E+04		1.000000000E+03		6.000000000E+03		1.473506230E+04		8.149927360E+01		2.444371820E+00		2.120210030E-05		-4.546918620E-09	5.109528730E-13		-2.333894650E-17	0.000000000E+00		8.388374650E+03		5.478710640E+00
F	7.938000000E+04		6.000000000E+03		2.000000000E+04		-2.926724760E+07	1.775674920E+04		-1.814463260E+00	5.351200280E-04		-3.513620800E-08	1.101519690E-12		-1.061293840E-17	0.000000000E+00		-1.319642720E+05	4.248814560E+01
F2	0.000000000E+00		2.000000000E+02		1.000000000E+03		1.018177540E+04		2.274223470E+01		1.971354030E+00		8.151601230E-03		-1.148959680E-05	7.958649470E-09		-2.167078630E-12	0.000000000E+00		-9.586934530E+02	1.130599740E+01
F2	0.000000000E+00		1.000000000E+03		6.000000000E+03		-2.941166870E+06	9.456595150E+03		-7.738613460E+00	7.644711590E-03		-2.241007230E-06	2.915844730E-10		-1.425033710E-14	0.000000000E+00		-6.071003970E+04	8.423833130E+01
H	2.179988280E+05		2.000000000E+02		1.000000000E+03		0.000000000E+00		0.000000000E+00		2.500000000E+00		0.000000000E+00		0.000000000E+00		0.000000000E+00		0.000000000E+00		0.000000000E+00		2.547370800E+04		-4.466828530E-01
H	2.179988280E+05		1.000000000E+03		6.000000000E+03		6.078774250E+01		-1.819354420E-01	2.500211820E+00		-1.226512860E-07	3.732876330E-11		-5.687744560E-15	3.410210200E-19		0.000000000E+00		2.547486400E+04		-4.481917770E-01
H	2.179988280E+05		6.000000000E+03		2.000000000E+04		2.173757690E+08		-1.312035400E+05	3.399174200E+01		-3.813999680E-03	2.432854840E-07		-7.694275540E-12	9.644105630E-17		0.000000000E+00		1.067638090E+06		-2.742301050E+02
Hp	1.536245928E+06		2.000000000E+02		1.000000000E+03		0.000000000E+00		0.000000000E+00		2.500000000E+00		0.000000000E+00		0.000000000E+00		0.000000000E+00		0.000000000E+00		0.000000000E+00		1.840214880E+05		-1.140646640E+00
Hp	1.536245928E+06		1.000000000E+03		6.000000000E+03		0.000000000E+00		0.000000000E+00		2.500000000E+00		0.000000000E+00		0.000000000E+00		0.000000000E+00		0.000000000E+00		0.000000000E+00		1.840214880E+05		-1.140646640E+00
Hp	1.536245928E+06		6.000000000E+03		2.000000000E+04		0.000000000E+00		0.000000000E+00		2.500000000E+00		0.000000000E+00		0.000000000E+00		0.000000000E+00		0.000000000E+00		0.000000000E+00		1.840214880E+05		-1.140646640E+00
H2	0.000000000E+00		2.000000000E+02		1.000000000E+03		4.078322810E+04		-8.009185450E+02	8.214701670E+00		-1.269714360E-02	1.753604930E-05		-1.202860160E-08	3.368093160E-12		0.000000000E+00		2.682484380E+03		-3.043788660E+01
H2	0.000000000E+00		1.000000000E+03		6.000000000E+03		5.608123380E+05		-8.371491340E+02	2.975363040E+00		1.252249930E-03		-3.740718420E-07	5.936628250E-11		-3.606995730E-15	0.000000000E+00		5.339815850E+03		-2.202764050E+00
H2	0.000000000E+00		6.000000000E+03		2.000000000E+04		4.966716130E+08		-3.147448120E+05	7.983887500E+01		-8.414504190E-03	4.753060440E-07		-1.371809730E-11	1.605374600E-16		0.000000000E+00		2.488354660E+06		-6.695524190E+02
H2p	1.494672430E+06		2.000000000E+02		1.000000000E+03		-3.120892210E+04	2.304629950E+02		3.335561190E+00		-2.419049150E-03	7.006012610E-06		-5.610004250E-09	1.564168040E-12		0.000000000E+00		1.774104600E+05		-8.278338450E-01
H2p	1.494672430E+06		1.000000000E+03		6.000000000E+03		1.672226180E+06		-6.595185440E+03	1.279321970E+01		-5.509345460E-03	2.030669460E-06		-3.351027540E-10	1.946089130E-14		0.000000000E+00		2.189999580E+05		-6.792711090E+01
H2p	1.494672430E+06		6.000000000E+03		2.000000000E+04		-1.822062020E+08	1.018191290E+05		-1.245820750E+01	1.076634640E-03		-3.932209660E-08	6.285143440E-13		-2.094378960E-18	0.000000000E+00		-6.513061550E+05	1.471405610E+02
H2O	-2.418260000E+05	2.000000000E+02		1.000000000E+03		-3.947959990E+04	5.755729770E+02		9.317833510E-01		7.222710910E-03		-7.342554480E-06	4.955041340E-09		-1.336932610E-12	0.000000000E+00		-3.303974250E+04	1.724205390E+01
H2O	-2.418260000E+05	1.000000000E+03		6.000000000E+03		1.034972240E+06		-2.412698950E+03	4.646111140E+00		2.291998140E-03		-6.836830070E-07	9.426468420E-11		-4.822380280E-15	0.000000000E+00		-1.384286250E+04	-7.978151190E+00
HCN	1.350000000E+05		2.000000000E+02		1.000000000E+03		9.098297830E+04		-1.238659660E+03	8.721322290E+00		-6.528281280E-03	8.872747230E-06		-4.808908770E-09	9.317917730E-13		0.000000000E+00		2.121978990E+04		-2.746683350E+01
HCN	1.350000000E+05		1.000000000E+03		6.000000000E+03		1.236898250E+06		-4.446761840E+03	9.738911630E+00		-5.855398100E-04	1.072855010E-07		-1.013403600E-11	3.348736660E-16		0.000000000E+00		4.244594810E+04		-4.005797420E+01
HCO	4.239785000E+04		2.000000000E+02		1.000000000E+03		-1.189906850E+04	2.151611770E+02		2.730183950E+00		1.806621530E-03		4.984153050E-06		-5.814462670E-09	1.869659720E-12		0.000000000E+00		2.905719060E+03		1.136796580E+01
HCO	4.239785000E+04		1.000000000E+03		6.000000000E+03		6.911335700E+05		-3.643217800E+03	9.587084880E+00		-1.104891810E-03	2.829488540E-07		-3.537972860E-11	1.739690100E-15		0.000000000E+00		2.535622650E+04		-3.570195600E+01
He	0.000000000E+00		2.000000000E+02		1.000000000E+03		0.000000000E+00		0.000000000E+00		2.500000000E+00		0.000000000E+00		0.000000000E+00		0.000000000E+00		0.000000000E+00		0.000000000E+00		-7.453750000E+02	9.287239740E-01
He	0.000000000E+00		1.000000000E+03		6.000000000E+03		0.000000000E+00		0.000000000E+00		2.500000000E+00		0.000000000E+00		0.000000000E+00		0.000000000E+00		0.000000000E+00		0.000000000E+00		-7.453750000E+02	9.287239740E-01
He	0.000000000E+00		6.000000000E+03		2.000000000E+04		3.396845420E+06		-2.194037650E+03	3.080231880E+00		-8.068957550E-05	6.252784910E-09		-2.574990070E-13	4.429960220E-18		0.000000000E+00		1.650518960E+04		-4.048814390E+00
Hep	2.378521473E+06		2.000000000E+02		1.000000000E+03		0.000000000E+00		0.000000000E+00		2.500000000E+00		0.000000000E+00		0.000000000E+00		0.000000000E+00		0.000000000E+00		0.000000000E+00		2.853233740E+05		1.621665560E+00
Hep	2.378521473E+06		1.000000000E+03		6.000000000E+03		0.000000000E+00		0.000000000E+00		2.500000000E+00		0.000000000E+00		0.000000000E+00		0.000000000E+00		0.000000000E+00		0.000000000E+00		2.853233740E+05		1.621665560E+00
Hep	2.378521473E+06		6.000000000E+03		2.000000000E+04		0.000000000E+00		0.000000000E+00		2.500000000E+00		0.000000000E+00		0.000000000E+00		0.000000000E+00		0.000000000E+00		0.000000000E+00		2.853233740E+05		1.621665560E+00
HNC	1.943781210E+05		2.000000000E+02		1.000000000E+03		4.870404530E+04		-9.891138220E+02	9.721970560E+00		-1.113540800E-02	1.668780870E-05		-1.113877210E-08	2.893404130E-12		0.000000000E+00		2.664664620E+04		-3.104723280E+01
HNC	1.943781210E+05		1.000000000E+03		6.000000000E+03		1.198765940E+06		-3.918875320E+03	9.117953120E+00		-3.417426590E-04	3.313953030E-08		-5.690989560E-13	-7.794339270E-17	0.000000000E+00		4.658767040E+04		-3.468525320E+01
Kr	0.000000000E+00		2.000000000E+02		1.000000000E+03		0.000000000E+00		0.000000000E+00		2.500000000E+00		0.000000000E+00		0.000000000E+00		0.000000000E+00		0.000000000E+00		0.000000000E+00		-7.453750000E+02	5.490956510E+00
Kr	0.000000000E+00		1.000000000E+03		6.000000000E+03		2.643639060E+02		-7.910050820E-01	2.500920590E+00		-5.328164110E-07	1.620730160E-10		-2.467898020E-14	1.478585040E-18		0.000000000E+00		-7.403488940E+02	5.484398150E+00
Kr	0.000000000E+00		6.000000000E+03		2.000000000E+04		-1.375531090E+09	9.064030530E+05		-2.403481440E+02	3.378312030E-02		-2.563103880E-06	9.969787790E-11		-1.521249680E-15	0.000000000E+00		-7.111667370E+06	2.086866330E+03
N	4.726800000E+05		2.000000000E+02		1.000000000E+03		0.000000000E+00		0.000000000E+00		2.500000000E+00		0.000000000E+00		0.000000000E+00		0.000000000E+00		0.000000000E+00		0.000000000E+00		5.610463780E+04		4.193909320E+00
N	4.726800000E+05		1.000000000E+03		6.000000000E+03		8.876501380E+04		-1.071231500E+02	2.362188290E+00		2.916720080E-04		-1.729515100E-07	4.012657880E-11		-2.677227570E-15	0.000000000E+00		5.697351330E+04		4.865235790E+00
N	4.726800000E+05		6.000000000E+03		2.000000000E+04		5.475181050E+08		-3.107574980E+05	6.916782740E+01		-6.847988130E-03	3.827572400E-07		-1.098367710E-11	1.277986020E-16		0.000000000E+00		2.550585620E+06		-5.848769710E+02
Np	1.882127624E+06		2.000000000E+02		1.000000000E+03		5.237079210E+03		2.299958320E+00		2.487488820E+00		2.737490750E-05		-3.134447580E-08	1.850111330E-11		-4.447350980E-15	0.000000000E+00		2.256284740E+05		5.076835070E+00
Np	1.882127624E+06		1.000000000E+03		6.000000000E+03		2.904970370E+05		-8.557908610E+02	3.477389290E+00		-5.288267190E-04	1.352350310E-07		-1.389834120E-11	5.046166280E-16		0.000000000E+00		2.310809980E+05		-1.994142260E+00
Np	1.882127624E+06		6.000000000E+03		2.000000000E+04		1.646092150E+07		-1.113165220E+04	4.976986640E+00		-2.005393580E-04	1.022481360E-08		-2.691430860E-13	3.539931590E-18		0.000000000E+00		3.136284700E+05		-1.706645950E+01
N2	0.000000000E+00		2.000000000E+02		1.000000000E+03		2.210371220E+04		-3.818461450E+02	6.082738150E+00		-8.530913810E-03	1.384646100E-05		-9.625792930E-09	2.519705600E-12		0.000000000E+00		7.108459110E+02		-1.076003200E+01
N2	0.000000000E+00		1.000000000E+03		6.000000000E+03		5.877099080E+05		-2.239242550E+03	6.066942670E+00		-6.139652960E-04	1.491798190E-07		-1.923094420E-11	1.061948710E-15		0.000000000E+00		1.283206180E+04		-1.586634840E+01
N2	0.000000000E+00		6.000000000E+03		2.000000000E+04		8.309712000E+08		-6.420481870E+05	2.020205070E+02		-3.065019610E-02	2.486855580E-06		-9.705792080E-11	1.437516730E-15		0.000000000E+00		4.938506630E+06		-1.672047910E+03
N2p	1.509508424E+06		2.000000000E+02		1.000000000E+03		-3.474041040E+04	2.696215430E+02		3.164919700E+00		-2.132247600E-03	6.730486360E-06		-5.637311510E-09	1.621757730E-12		0.000000000E+00		1.790004460E+05		6.832959350E+00
N2p	1.509508424E+06		1.000000000E+03		6.000000000E+03		-2.845597470E+06	7.058889150E+03		-2.884882650E+00	3.068675270E-03		-4.361647800E-07	2.102508820E-11		5.412025190E-16		0.000000000E+00		1.340388740E+05		5.090894720E+01
N2p	1.509508424E+06		6.000000000E+03		2.000000000E+04		-3.712830950E+08	3.139288000E+05		-9.603519860E+01	1.571193500E-02		-1.175065670E-06	4.144441720E-11		-5.621893770E-16	0.000000000E+00		-2.217362480E+06	8.436272570E+02
N2O	8.160000000E+04		2.000000000E+02		1.000000000E+03		4.288196470E+04		-6.440108910E+02	6.034366920E+00		2.264353780E-04		3.473022950E-06		-3.627986090E-09	1.138054860E-12		0.000000000E+00		1.179404700E+04		-1.003134740E+01
N2O	8.160000000E+04		1.000000000E+03		6.000000000E+03		3.438200090E+05		-2.404485630E+03	9.125556910E+00		-5.401245530E-04	1.315009550E-07		-1.414064830E-11	6.380312540E-16		0.000000000E+00		2.198586630E+04		-3.147747710E+01
NCO	1.318439280E+05		2.000000000E+02		1.000000000E+03		9.507969170E+03		-1.957329860E+02	4.235127910E+00		3.903719150E-03		3.855140120E-07		-2.853519570E-09	1.234513810E-12		0.000000000E+00		1.556962570E+04		2.042524840E+00
NCO	1.318439280E+05		1.000000000E+03		6.000000000E+03		7.392929780E+04		-1.617258380E+03	8.574919530E+00		-3.764554980E-04	7.038295860E-08		-6.686532180E-12	2.988934170E-16		0.000000000E+00		2.289407060E+04		-2.552765880E+01
Ne	0.000000000E+00		2.000000000E+02		1.000000000E+03		0.000000000E+00		0.000000000E+00		2.500000000E+00		0.000000000E+00		0.000000000E+00		0.000000000E+00		0.000000000E+00		0.000000000E+00		-7.453750000E+02	3.355322720E+00
Ne	0.000000000E+00		1.000000000E+03		6.000000000E+03		0.000000000E+00		0.000000000E+00		2.500000000E+00		0.000000000E+00		0.000000000E+00		0.000000000E+00		0.000000000E+00		0.000000000E+00		-7.453750000E+02	3.355322720E+00
Ne	0.000000000E+00		6.000000000E+03		2.000000000E+04		-1.238252750E+07	6.958579580E+03		1.016709290E+00		1.424664560E-04		-4.803933930E-09	-1.170213180E-13	8.415153650E-18		0.000000000E+00		-5.663933630E+04	1.648438700E+01
NH	3.570320010E+05		2.000000000E+02		1.000000000E+03		1.359650620E+04		-1.900295650E+02	4.518496250E+00		-2.432775400E-03	2.377585240E-06		-2.592780550E-10	-2.659685660E-13	0.000000000E+00		4.280972150E+04		-3.886554640E+00
NH	3.570320010E+05		1.000000000E+03		6.000000000E+03		1.958140050E+06		-5.782856590E+03	9.335737520E+00		-2.292908180E-03	6.076087150E-07		-6.647936030E-11	2.384231430E-15		0.000000000E+00		7.898909250E+04		-4.116966710E+01
NH	3.570320010E+05		6.000000000E+03		2.000000000E+04		9.524520310E+07		-8.585762210E+04	2.980430760E+01		-2.979547120E-03	1.656323800E-07		-4.744758380E-12	5.570104570E-17		0.000000000E+00		6.961382360E+05		-2.229014750E+02
NHp	1.665795114E+06		2.000000000E+02		1.000000000E+03		4.253778070E+03		-2.458235990E+02	6.708925780E+00		-1.038490900E-02	1.509010500E-05		-9.580524470E-09	2.333210010E-12		0.000000000E+00		2.001086530E+05		-1.395060840E+01
NHp	1.665795114E+06		1.000000000E+03		6.000000000E+03		1.405709940E+06		-4.136216790E+03	7.632015490E+00		-1.228326240E-03	2.721188870E-07		-2.010099660E-11	3.717256970E-17		0.000000000E+00		2.258984690E+05		-2.786785570E+01
NHp	1.665795114E+06		6.000000000E+03		2.000000000E+04		2.392948790E+08		-1.741662480E+05	5.107916470E+01		-5.567633490E-03	3.273397690E-07		-9.797997640E-12	1.186545830E-16		0.000000000E+00		1.554709270E+06		-4.065976420E+02
NH2	1.891346620E+05		2.000000000E+02		1.000000000E+03		-3.116016450E+04	4.750735460E+02		1.374579690E+00		6.299445450E-03		-5.976057290E-06	4.482398270E-09		-1.410435540E-12	0.000000000E+00		1.929103700E+04		1.538943350E+01
NH2	1.891346620E+05		1.000000000E+03		6.000000000E+03		1.669007890E+06		-5.610382940E+03	9.971881640E+00		-1.178281340E-03	4.233965490E-07		-6.539769780E-11	3.619878050E-15		0.000000000E+00		5.689059730E+04		-4.379357880E+01
NH3	-4.594000000E+04	2.000000000E+02		1.000000000E+03		-7.681226420E+04	1.270951610E+03		-3.893229330E+00	2.145988480E-02		-2.183766790E-05	1.317385770E-08		-3.332322270E-12	0.000000000E+00		-1.264886430E+04	4.366015050E+01
NH3	-4.594000000E+04	1.000000000E+03		6.000000000E+03		2.452388160E+06		-8.040890840E+03	1.271345880E+01		-3.980171650E-04	3.552465840E-08		2.530969560E-12		-3.322723230E-16	0.000000000E+00		4.386189730E+04		-6.462327910E+01
NO	9.126911000E+04		2.000000000E+02		1.000000000E+03		-1.143916580E+04	1.536467740E+02		3.431468650E+00		-2.668592130E-03	8.481398770E-06		-7.685110790E-09	2.386797580E-12		0.000000000E+00		9.097949740E+03		6.728727950E+00
NO	9.126911000E+04		1.000000000E+03		6.000000000E+03		2.239037080E+05		-1.289656240E+03	5.433940390E+00		-3.656055460E-04	9.881017630E-08		-1.416083270E-11	9.380216420E-16		0.000000000E+00		1.750294220E+04		-8.501699080E+00
NO	9.126911000E+04		6.000000000E+03		2.000000000E+04		-9.575307640E+08	5.912436710E+05		-1.384567330E+02	1.694339980E-02		-1.007351460E-06	2.912585260E-11		-3.295110910E-16	0.000000000E+00		-4.677503290E+06	1.242081660E+03
NOp	9.908071040E+05		2.000000000E+02		1.000000000E+03		1.398526590E+03		-1.590494940E+02	5.122917320E+00		-6.394440050E-03	1.123924890E-05		-7.988624190E-09	2.107395040E-12		0.000000000E+00		1.187492240E+05		-4.398557680E+00
NOp	9.908071040E+05		1.000000000E+03		6.000000000E+03		6.069848430E+05		-2.278388310E+03	6.080317940E+00		-6.066815840E-04	1.431994710E-07		-1.747980630E-11	8.934965000E-16		0.000000000E+00		1.322706020E+05		-1.519874900E+01
NOp	9.908071040E+05		6.000000000E+03		2.000000000E+04		2.676400910E+09		-1.832949050E+06	5.099250210E+02		-7.113820250E-02	5.317660500E-06		-1.963208420E-10	2.805268500E-15		0.000000000E+00		1.443309200E+07		-4.324045180E+03
NO2	3.419302200E+04		2.000000000E+02		1.000000000E+03		-5.642045840E+04	9.633097340E+02		-2.434518510E+00	1.927764140E-02		-1.874563620E-05	9.145536370E-09		-1.777661460E-12	0.000000000E+00		-1.547930430E+03	4.067855410E+01
NO2	3.419302200E+04		1.000000000E+03		6.000000000E+03		7.212711760E+05		-3.832537630E+03	1.113955340E+01		-2.238014400E-03	6.547621640E-07		-7.611208030E-11	3.328299260E-15		0.000000000E+00		2.502447180E+04		-4.305072240E+01
O	2.491750030E+05		2.000000000E+02		1.000000000E+03		-7.953611300E+03	1.607177790E+02		1.966226440E+00		1.013670310E-03		-1.110415420E-06	6.517507500E-10		-1.584779250E-13	0.000000000E+00		2.840362440E+04		8.404241820E+00
O	2.491750030E+05		1.000000000E+03		6.000000000E+03		2.619020260E+05		-7.298722030E+02	3.317177270E+00		-4.281334360E-04	1.036104590E-07		-9.438304330E-12	2.725038300E-16		0.000000000E+00		3.392428060E+04		-6.679585350E-01
O	2.491750030E+05		6.000000000E+03		2.000000000E+04		1.779004260E+08		-1.082328260E+05	2.810778370E+01		-2.975232260E-03	1.854997530E-07		-5.796231540E-12	7.191720160E-17		0.000000000E+00		8.890942630E+05		-2.181728150E+02
Op	1.568787228E+06		2.000000000E+02		1.000000000E+03		0.000000000E+00		0.000000000E+00		2.500000000E+00		0.000000000E+00		0.000000000E+00		0.000000000E+00		0.000000000E+00		0.000000000E+00		1.879352840E+05		4.393376760E+00
Op	1.568787228E+06		1.000000000E+03		6.000000000E+03		-2.166513210E+05	6.665456150E+02		1.702064360E+00		4.714992810E-04		-1.427131820E-07	2.016595900E-11		-9.107157760E-16	0.000000000E+00		1.837191970E+05		1.005690380E+01
Op	1.568787228E+06		6.000000000E+03		2.000000000E+04		-2.143835380E+08	1.469518520E+05		-3.680864540E+01	5.036164540E-03		-3.087873850E-07	9.186834870E-12		-1.074163270E-16	0.000000000E+00		-9.614208960E+05	3.426193080E+02
O2	0.000000000E+00		2.000000000E+02		1.000000000E+03		-3.425562690E+04	4.846999860E+02		1.119011590E+00		4.293887430E-03		-6.836273130E-07	-2.023374780E-09	1.039040640E-12		0.000000000E+00		-3.391454340E+03	1.849699120E+01
O2	0.000000000E+00		1.000000000E+03		6.000000000E+03		-1.037939940E+06	2.344832750E+03		1.819729490E+00		1.267848870E-03		-2.188071420E-07	2.053724110E-11		-8.193490620E-16	0.000000000E+00		-1.689012530E+04	1.738718350E+01
O2	0.000000000E+00		6.000000000E+03		2.000000000E+04		4.975152610E+08		-2.866023390E+05	6.690154640E+01		-6.169718690E-03	3.016237570E-07		-7.420878880E-12	7.277440630E-17		0.000000000E+00		2.293487550E+06		-5.530449680E+02
O2p	1.171828436E+06		2.000000000E+02		1.000000000E+03		-8.177460710E+04	1.004762320E+03		-3.365400540E-01	6.105378490E-03		-2.704143960E-06	-3.011962020E-10	4.162722550E-13		0.000000000E+00		1.347920230E+05		2.783215910E+01
O2p	1.171828436E+06		1.000000000E+03		6.000000000E+03		7.366130500E+04		-8.458583620E+02	4.985419980E+00		-1.613281910E-04	6.434455480E-08		-1.506008230E-11	1.579044210E-15		0.000000000E+00		1.446310620E+05		-5.812784070E+00
O2p	1.171828436E+06		6.000000000E+03		2.000000000E+04		-1.562258830E+09	1.161480870E+06		-3.302670370E+02	4.711128320E-02		-3.354580850E-06	1.168007220E-10		-1.589805270E-15	0.000000000E+00		-8.858460550E+06	2.852180690E+03
OH	3.934710600E+04		2.000000000E+02		1.000000000E+03		-1.998863660E+03	9.300142950E+01		3.050853850E+00		1.529530350E-03		-3.157892560E-06	3.315447340E-09		-1.138763030E-12	0.000000000E+00		3.240043970E+03		4.674112900E+00
OH	3.934710600E+04		1.000000000E+03		6.000000000E+03		1.017393490E+06		-2.509957480E+03	5.116548090E+00		1.305298750E-04		-8.284319020E-08	2.006475500E-11		-1.556993420E-15	0.000000000E+00		2.044523340E+04		-1.101282500E+01
OH	3.934710600E+04		6.000000000E+03		2.000000000E+04		2.847242290E+08		-1.859537040E+05	5.008250570E+01		-5.142385860E-03	2.875543260E-07		-8.228839060E-12	9.567256030E-17		0.000000000E+00		1.468646300E+06		-4.023564070E+02
OHp	1.290204000E+06		2.000000000E+02		1.000000000E+03		6.031615110E+04		-7.573502250E+02	7.307744690E+00		-9.506862340E-03	1.202553340E-05		-6.829009960E-09	1.501584380E-12		0.000000000E+00		1.578426550E+05		-1.950102260E+01
OHp	1.290204000E+06		1.000000000E+03		6.000000000E+03		5.040743550E+05		-1.380056570E+03	4.125465630E+00		8.331932610E-04		-3.442852230E-07	6.792848840E-11		-4.363869590E-15	0.000000000E+00		1.633003950E+05		-3.997083620E+00
OHp	1.290204000E+06		6.000000000E+03		2.000000000E+04		1.158286690E+09		-6.841280290E+05	1.576194530E+02		-1.618421300E-02	8.846128520E-07		-2.475038410E-11	2.807730740E-16		0.000000000E+00		5.615513550E+06		-1.351879020E+03
Si	4.500000000E+05		2.000000000E+02		1.000000000E+03		9.836140810E+01		1.546544520E+02		1.876436670E+00		1.320638000E-03		-1.529720060E-06	8.950562770E-10		-1.952873490E-13	0.000000000E+00		5.263510310E+04		9.698288880E+00
Si	4.500000000E+05		1.000000000E+03		6.000000000E+03		-6.169298850E+05	2.240683930E+03		-4.448619320E-01	1.710056320E-03		-4.107714160E-07	4.558884780E-11		-1.889515350E-15	0.000000000E+00		3.953558760E+04		2.679668060E+01
Si	4.500000000E+05		6.000000000E+03		2.000000000E+04		-9.286548940E+08	5.443989890E+05		-1.206739740E+02	1.359662700E-02		-7.606498660E-07	2.149746070E-11		-2.474116770E-16	0.000000000E+00		-4.293792120E+06	1.086382840E+03
Sip	1.242508045E+06		2.000000000E+02		1.000000000E+03		-4.329791880E+04	6.795894490E+02		2.257046140E-01		4.118600490E-03		-4.234881600E-06	2.327995630E-09		-5.318388060E-13	0.000000000E+00		1.452039810E+05		1.934650510E+01
Sip	1.242508045E+06		1.000000000E+03		6.000000000E+03		5.919390230E+04		-4.856730950E+01	2.556312020E+00		-3.503397160E-05	1.190298790E-08		-2.082923820E-12	1.471452050E-16		0.000000000E+00		1.491431390E+05		5.244267140E+00
Sip	1.242508045E+06		6.000000000E+03		2.000000000E+04		-1.364223350E+07	7.022777180E+03		1.233010040E+00		1.211789390E-04		-1.455223590E-08	1.530293460E-12		-3.804350540E-17	0.000000000E+00		9.149238100E+04		1.708337810E+01
SiC	7.347482460E+05		2.000000000E+02		1.000000000E+03		-1.183456500E+04	3.785747120E+02		-1.484910960E-02	1.313673200E-02		-1.846649290E-05	1.298765220E-08		-3.528159590E-12	0.000000000E+00		8.573242960E+04		2.530068950E+01
SiC	7.347482460E+05		1.000000000E+03		6.000000000E+03		9.309740560E+05		-1.646079130E+03	3.820663390E+00		1.999780300E-03		-7.230772450E-07	1.048770470E-10		-5.515703580E-15	0.000000000E+00		9.899570790E+04		2.931499470E+00
SiH	3.687167370E+05		2.000000000E+02		1.000000000E+03		-2.665932890E+03	2.925088630E+01		4.210120530E+00		-4.780050040E-03	1.112219850E-05		-9.231610610E-09	2.747601920E-12		0.000000000E+00		4.304646940E+04		9.212805900E-01
SiH	3.687167370E+05		1.000000000E+03		6.000000000E+03		-1.469757550E+06	3.703488200E+03		-7.492789470E-02	2.362844460E-03		-4.721149340E-07	4.692043810E-11		-1.607452570E-15	0.000000000E+00		1.900722700E+04		2.971075890E+01
SiO	-9.884286000E+04	2.000000000E+02		1.000000000E+03		-4.605793350E+04	7.880086540E+02		-1.523737990E+00	1.419313170E-02		-1.668006640E-05	9.993311490E-09		-2.428203900E-12	0.000000000E+00		-1.658000320E+04	3.293975430E+01
SiO	-9.884286000E+04	1.000000000E+03		6.000000000E+03		-2.290832170E+05	6.006713240E+01		4.477684460E+00		-8.554652970E-05	1.020720200E-07		-3.233329060E-11	3.525101290E-15		0.000000000E+00		-1.417065070E+04	-7.144990470E-01
SiO2	-3.220720520E+05	2.000000000E+02		1.000000000E+03		-3.362924240E+04	4.734031810E+02		2.310112660E-01		1.850218920E-02		-2.242766070E-05	1.364964580E-08		-3.351882240E-12	0.000000000E+00		-4.226468220E+04	2.295785050E+01
SiO2	-3.220720520E+05	1.000000000E+03		6.000000000E+03		-1.464957460E+05	-6.258850770E+02	7.964286650E+00		-1.852670770E-04	4.091304340E-08		-4.691993940E-12	2.175351100E-16		0.000000000E+00		-3.791984180E+04	-2.045085450E+01

